2) 3.141068 0.9998329975755471 785267
3) 4.189672 1.0002105131005607 523709
4) 4.94032 1.0011181399438283 308770
5) 5.268096 1.000818229240247 164628
6) 5.16928 1.0003032714890967 80770
7) 4.757632 1.0069561180119773 37169
8) 4.111872 1.0130977196528015 16062
9) 3.326976 1.0086302926869952 6498
10) 2.632704 1.0323665296945466 2571
11) 1.837056 0.9750290417080749 897
12) 1.265664 0.9478763502750156 309
13) 0.827392 0.9085941945649497 101
14) 0.507904 0.8475455748660109 31
15) 0.49152 1.2885795207589104 15
16) 0.131072 0.5569695700050072 2
17) 0.131072 0.9297132280074731 1
18) 0.0 0.0 0
19) 0.0 0.0 0
20) 0.0 0.0 0
