2) 3.142972 1.0004390595988408 785743
3) 4.188008 0.9998132623626035 523501
4) 4.924896 0.9979925840708296 307806
5) 5.256992 0.9987087221968135 164281
6) 5.170432 1.0005261940950991 80788
7) 4.726784 1.0004271173813204 36928
8) 4.119808 1.0150530196969576 16093
9) 3.371008 1.021979354732406 6584
10) 2.504704 0.9821736801372465 2446
11) 1.81248 0.9619851749293716 885
12) 1.318912 0.9877546433286573 322
13) 1.081344 1.1874696404215186 132
14) 0.622592 1.038926833706723 38
15) 0.196608 0.5154318083035642 6
16) 0.196608 0.8354543550075109 3
17) 0.262144 1.8594264560149463 2
18) 0.0 0.0 0
19) 0.0 0.0 0
20) 0.0 0.0 0
