FOR 2 people.
1) 0.0
2) 0.01
3) 0.0
4) 0.01
5) 0.03
6) 0.04
7) 0.02
8) 0.06
9) 0.09
10) 0.09
11) 0.12
12) 0.14
13) 0.17
14) 0.26
15) 0.29
16) 0.28
17) 0.33
18) 0.35
19) 0.46
20) 0.41
21) 0.35
22) 0.54
23) 0.51
24) 0.57
25) 0.54
26) 0.6
27) 0.6
28) 0.6
29) 0.71
30) 0.7
31) 0.75
32) 0.82
33) 0.77
34) 0.82
35) 0.8
36) 0.85
37) 0.85
38) 0.85
39) 0.92
40) 0.87
41) 0.87
42) 0.89
43) 0.93
44) 0.96
45) 0.94
46) 0.91
47) 0.94
48) 0.99
49) 0.95
50) 0.99
51) 0.97
52) 0.96
53) 0.99
54) 0.99
55) 0.99
56) 0.99
57) 1.0
58) 0.98
59) 0.99
60) 1.0
61) 0.97
62) 1.0
63) 1.0
64) 1.0
65) 0.99
66) 1.0
67) 1.0
68) 1.0
69) 1.0
70) 0.99
71) 1.0
72) 1.0
73) 1.0
74) 1.0
75) 1.0
76) 1.0
77) 1.0
78) 1.0
79) 1.0
80) 1.0
81) 1.0
82) 1.0
83) 1.0
84) 1.0
85) 1.0
86) 1.0
87) 1.0
88) 1.0
89) 1.0
90) 1.0
91) 1.0
92) 1.0
93) 1.0
94) 1.0
95) 1.0
96) 1.0
97) 1.0
98) 1.0
99) 1.0
100) 1.0
101) 1.0
102) 1.0
103) 1.0
104) 1.0
105) 1.0
106) 1.0
107) 1.0
108) 1.0
109) 1.0
110) 1.0
111) 1.0
112) 1.0
113) 1.0
114) 1.0
115) 1.0
116) 1.0
117) 1.0
118) 1.0
119) 1.0
120) 1.0
121) 1.0
122) 1.0
123) 1.0
124) 1.0
125) 1.0
126) 1.0
127) 1.0
128) 1.0
129) 1.0
130) 1.0
131) 1.0
132) 1.0
133) 1.0
134) 1.0
135) 1.0
136) 1.0
137) 1.0
138) 1.0
139) 1.0
140) 1.0
141) 1.0
142) 1.0
143) 1.0
144) 1.0
145) 1.0
146) 1.0
147) 1.0
148) 1.0
149) 1.0
150) 1.0
151) 1.0
152) 1.0
153) 1.0
154) 1.0
155) 1.0
156) 1.0
157) 1.0
158) 1.0
159) 1.0
160) 1.0
161) 1.0
162) 1.0
163) 1.0
164) 1.0
165) 1.0
166) 1.0
167) 1.0
168) 1.0
169) 1.0
170) 1.0
171) 1.0
172) 1.0
173) 1.0
174) 1.0
175) 1.0
176) 1.0
177) 1.0
178) 1.0
179) 1.0
180) 1.0
181) 1.0
182) 1.0
183) 1.0
184) 1.0
185) 1.0
186) 1.0
187) 1.0
188) 1.0
189) 1.0
190) 1.0
191) 1.0
192) 1.0
193) 1.0
194) 1.0
195) 1.0
196) 1.0
197) 1.0
198) 1.0
199) 1.0
200) 1.0
201) 1.0
202) 1.0
203) 1.0
204) 1.0
205) 1.0
206) 1.0
207) 1.0
208) 1.0
209) 1.0
210) 1.0
211) 1.0
212) 1.0
213) 1.0
214) 1.0
215) 1.0
216) 1.0
217) 1.0
218) 1.0
219) 1.0
220) 1.0
221) 1.0
222) 1.0
223) 1.0
224) 1.0
225) 1.0
226) 1.0
227) 1.0
228) 1.0
229) 1.0
230) 1.0
231) 1.0
232) 1.0
233) 1.0
234) 1.0
235) 1.0
236) 1.0
237) 1.0
238) 1.0
239) 1.0
240) 1.0
241) 1.0
242) 1.0
243) 1.0
244) 1.0
245) 1.0
246) 1.0
247) 1.0
248) 1.0
249) 1.0
250) 1.0
251) 1.0
252) 1.0
253) 1.0
254) 1.0
255) 1.0
256) 1.0
257) 1.0
258) 1.0
259) 1.0
260) 1.0
261) 1.0
262) 1.0
263) 1.0
264) 1.0
265) 1.0
266) 1.0
267) 1.0
268) 1.0
269) 1.0
270) 1.0
271) 1.0
272) 1.0
273) 1.0
274) 1.0
275) 1.0
276) 1.0
277) 1.0
278) 1.0
279) 1.0
280) 1.0
281) 1.0
282) 1.0
283) 1.0
284) 1.0
285) 1.0
286) 1.0
287) 1.0
288) 1.0
289) 1.0
290) 1.0
291) 1.0
292) 1.0
293) 1.0
294) 1.0
295) 1.0
296) 1.0
297) 1.0
298) 1.0
299) 1.0
300) 1.0
301) 1.0
302) 1.0
303) 1.0
304) 1.0
305) 1.0
306) 1.0
307) 1.0
308) 1.0
309) 1.0
310) 1.0
311) 1.0
312) 1.0
313) 1.0
314) 1.0
315) 1.0
316) 1.0
317) 1.0
318) 1.0
319) 1.0
320) 1.0
321) 1.0
322) 1.0
323) 1.0
324) 1.0
325) 1.0
326) 1.0
327) 1.0
328) 1.0
329) 1.0
330) 1.0
331) 1.0
332) 1.0
333) 1.0
334) 1.0
335) 1.0
336) 1.0
337) 1.0
338) 1.0
339) 1.0
340) 1.0
341) 1.0
342) 1.0
343) 1.0
344) 1.0
345) 1.0
346) 1.0
347) 1.0
348) 1.0
349) 1.0
350) 1.0
351) 1.0
352) 1.0
353) 1.0
354) 1.0
355) 1.0
356) 1.0
357) 1.0
358) 1.0
359) 1.0
360) 1.0
361) 1.0
362) 1.0
363) 1.0
364) 1.0
365) 1.0
FOR 3 people.
1) 0.0
2) 0.0
3) 0.0
4) 0.0
5) 0.0
6) 0.0
7) 0.0
8) 0.0
9) 0.0
10) 0.0
11) 0.01
12) 0.01
13) 0.01
14) 0.0
15) 0.01
16) 0.0
17) 0.0
18) 0.01
19) 0.01
20) 0.0
21) 0.01
22) 0.01
23) 0.03
24) 0.02
25) 0.0
26) 0.02
27) 0.01
28) 0.01
29) 0.01
30) 0.03
31) 0.03
32) 0.03
33) 0.05
34) 0.05
35) 0.08
36) 0.0
37) 0.05
38) 0.04
39) 0.05
40) 0.09
41) 0.11
42) 0.04
43) 0.09
44) 0.11
45) 0.05
46) 0.12
47) 0.09
48) 0.18
49) 0.1
50) 0.16
51) 0.14
52) 0.1
53) 0.13
54) 0.15
55) 0.19
56) 0.16
57) 0.17
58) 0.17
59) 0.14
60) 0.18
61) 0.25
62) 0.27
63) 0.21
64) 0.26
65) 0.19
66) 0.25
67) 0.25
68) 0.25
69) 0.26
70) 0.34
71) 0.29
72) 0.34
73) 0.33
74) 0.41
75) 0.34
76) 0.37
77) 0.29
78) 0.42
79) 0.42
80) 0.49
81) 0.43
82) 0.46
83) 0.41
84) 0.41
85) 0.52
86) 0.44
87) 0.54
88) 0.53
89) 0.39
90) 0.49
91) 0.54
92) 0.49
93) 0.58
94) 0.54
95) 0.57
96) 0.6
97) 0.71
98) 0.61
99) 0.57
100) 0.74
101) 0.75
102) 0.63
103) 0.7
104) 0.68
105) 0.68
106) 0.75
107) 0.75
108) 0.63
109) 0.79
110) 0.74
111) 0.8
112) 0.81
113) 0.75
114) 0.79
115) 0.81
116) 0.86
117) 0.83
118) 0.79
119) 0.78
120) 0.87
121) 0.84
122) 0.85
123) 0.86
124) 0.83
125) 0.77
126) 0.85
127) 0.86
128) 0.82
129) 0.91
130) 0.91
131) 0.94
132) 0.93
133) 0.93
134) 0.93
135) 0.95
136) 0.93
137) 0.99
138) 0.94
139) 0.96
140) 0.95
141) 0.91
142) 0.97
143) 0.94
144) 0.99
145) 0.96
146) 0.98
147) 0.96
148) 0.97
149) 0.93
150) 0.93
151) 0.94
152) 1.0
153) 0.99
154) 0.99
155) 0.97
156) 0.97
157) 1.0
158) 0.98
159) 0.97
160) 0.98
161) 0.99
162) 0.98
163) 0.99
164) 0.98
165) 1.0
166) 0.99
167) 1.0
168) 0.99
169) 0.98
170) 1.0
171) 0.99
172) 1.0
173) 0.98
174) 0.99
175) 1.0
176) 0.99
177) 1.0
178) 1.0
179) 1.0
180) 1.0
181) 0.99
182) 1.0
183) 0.97
184) 1.0
185) 1.0
186) 1.0
187) 1.0
188) 1.0
189) 1.0
190) 1.0
191) 1.0
192) 1.0
193) 1.0
194) 1.0
195) 1.0
196) 1.0
197) 1.0
198) 1.0
199) 1.0
200) 1.0
201) 1.0
202) 1.0
203) 1.0
204) 1.0
205) 1.0
206) 1.0
207) 1.0
208) 1.0
209) 1.0
210) 1.0
211) 1.0
212) 1.0
213) 1.0
214) 1.0
215) 1.0
216) 1.0
217) 1.0
218) 1.0
219) 1.0
220) 1.0
221) 1.0
222) 1.0
223) 1.0
224) 1.0
225) 1.0
226) 1.0
227) 1.0
228) 1.0
229) 1.0
230) 1.0
231) 1.0
232) 1.0
233) 1.0
234) 1.0
235) 1.0
236) 1.0
237) 1.0
238) 1.0
239) 1.0
240) 1.0
241) 1.0
242) 1.0
243) 1.0
244) 1.0
245) 1.0
246) 1.0
247) 1.0
248) 1.0
249) 1.0
250) 1.0
251) 1.0
252) 1.0
253) 1.0
254) 1.0
255) 1.0
256) 1.0
257) 1.0
258) 1.0
259) 1.0
260) 1.0
261) 1.0
262) 1.0
263) 1.0
264) 1.0
265) 1.0
266) 1.0
267) 1.0
268) 1.0
269) 1.0
270) 1.0
271) 1.0
272) 1.0
273) 1.0
274) 1.0
275) 1.0
276) 1.0
277) 1.0
278) 1.0
279) 1.0
280) 1.0
281) 1.0
282) 1.0
283) 1.0
284) 1.0
285) 1.0
286) 1.0
287) 1.0
288) 1.0
289) 1.0
290) 1.0
291) 1.0
292) 1.0
293) 1.0
294) 1.0
295) 1.0
296) 1.0
297) 1.0
298) 1.0
299) 1.0
300) 1.0
301) 1.0
302) 1.0
303) 1.0
304) 1.0
305) 1.0
306) 1.0
307) 1.0
308) 1.0
309) 1.0
310) 1.0
311) 1.0
312) 1.0
313) 1.0
314) 1.0
315) 1.0
316) 1.0
317) 1.0
318) 1.0
319) 1.0
320) 1.0
321) 1.0
322) 1.0
323) 1.0
324) 1.0
325) 1.0
326) 1.0
327) 1.0
328) 1.0
329) 1.0
330) 1.0
331) 1.0
332) 1.0
333) 1.0
334) 1.0
335) 1.0
336) 1.0
337) 1.0
338) 1.0
339) 1.0
340) 1.0
341) 1.0
342) 1.0
343) 1.0
344) 1.0
345) 1.0
346) 1.0
347) 1.0
348) 1.0
349) 1.0
350) 1.0
351) 1.0
352) 1.0
353) 1.0
354) 1.0
355) 1.0
356) 1.0
357) 1.0
358) 1.0
359) 1.0
360) 1.0
361) 1.0
362) 1.0
363) 1.0
364) 1.0
365) 1.0
FOR 4 people.
1) 0.0
2) 0.0
3) 0.0
4) 0.0
5) 0.0
6) 0.0
7) 0.0
8) 0.0
9) 0.0
10) 0.0
11) 0.0
12) 0.0
13) 0.0
14) 0.0
15) 0.0
16) 0.0
17) 0.0
18) 0.0
19) 0.0
20) 0.0
21) 0.0
22) 0.0
23) 0.0
24) 0.0
25) 0.0
26) 0.0
27) 0.0
28) 0.0
29) 0.0
30) 0.0
31) 0.0
32) 0.0
33) 0.0
34) 0.0
35) 0.0
36) 0.01
37) 0.0
38) 0.0
39) 0.01
40) 0.0
41) 0.01
42) 0.0
43) 0.0
44) 0.0
45) 0.0
46) 0.0
47) 0.0
48) 0.0
49) 0.0
50) 0.0
51) 0.0
52) 0.0
53) 0.0
54) 0.0
55) 0.0
56) 0.01
57) 0.01
58) 0.01
59) 0.02
60) 0.0
61) 0.02
62) 0.01
63) 0.02
64) 0.01
65) 0.04
66) 0.01
67) 0.01
68) 0.02
69) 0.01
70) 0.01
71) 0.01
72) 0.01
73) 0.0
74) 0.01
75) 0.02
76) 0.0
77) 0.01
78) 0.01
79) 0.02
80) 0.04
81) 0.05
82) 0.03
83) 0.03
84) 0.05
85) 0.07
86) 0.03
87) 0.03
88) 0.06
89) 0.04
90) 0.06
91) 0.07
92) 0.03
93) 0.07
94) 0.03
95) 0.08
96) 0.04
97) 0.08
98) 0.03
99) 0.07
100) 0.12
101) 0.02
102) 0.05
103) 0.07
104) 0.09
105) 0.09
106) 0.07
107) 0.09
108) 0.07
109) 0.08
110) 0.07
111) 0.08
112) 0.1
113) 0.07
114) 0.11
115) 0.12
116) 0.08
117) 0.09
118) 0.08
119) 0.09
120) 0.08
121) 0.13
122) 0.08
123) 0.17
124) 0.15
125) 0.12
126) 0.17
127) 0.08
128) 0.14
129) 0.14
130) 0.14
131) 0.15
132) 0.26
133) 0.14
134) 0.15
135) 0.21
136) 0.28
137) 0.2
138) 0.25
139) 0.21
140) 0.23
141) 0.19
142) 0.19
143) 0.25
144) 0.22
145) 0.19
146) 0.26
147) 0.24
148) 0.36
149) 0.36
150) 0.31
151) 0.32
152) 0.25
153) 0.24
154) 0.31
155) 0.35
156) 0.29
157) 0.29
158) 0.32
159) 0.28
160) 0.4
161) 0.33
162) 0.41
163) 0.34
164) 0.35
165) 0.34
166) 0.4
167) 0.36
168) 0.45
169) 0.41
170) 0.36
171) 0.38
172) 0.38
173) 0.46
174) 0.4
175) 0.39
176) 0.32
177) 0.51
178) 0.41
179) 0.32
180) 0.44
181) 0.45
182) 0.49
183) 0.38
184) 0.48
185) 0.6
186) 0.52
187) 0.5
188) 0.5
189) 0.57
190) 0.45
191) 0.46
192) 0.56
193) 0.63
194) 0.61
195) 0.57
196) 0.59
197) 0.57
198) 0.57
199) 0.62
200) 0.64
201) 0.55
202) 0.61
203) 0.61
204) 0.59
205) 0.65
206) 0.54
207) 0.69
208) 0.68
209) 0.72
210) 0.67
211) 0.65
212) 0.67
213) 0.72
214) 0.69
215) 0.69
216) 0.67
217) 0.65
218) 0.65
219) 0.65
220) 0.75
221) 0.67
222) 0.74
223) 0.68
224) 0.77
225) 0.72
226) 0.73
227) 0.8
228) 0.78
229) 0.81
230) 0.77
231) 0.75
232) 0.8
233) 0.87
234) 0.83
235) 0.76
236) 0.83
237) 0.86
238) 0.78
239) 0.79
240) 0.84
241) 0.79
242) 0.83
243) 0.89
244) 0.88
245) 0.86
246) 0.81
247) 0.87
248) 0.84
249) 0.87
250) 0.82
251) 0.87
252) 0.89
253) 0.9
254) 0.82
255) 0.87
256) 0.85
257) 0.95
258) 0.91
259) 0.94
260) 0.9
261) 0.88
262) 0.86
263) 0.93
264) 0.93
265) 0.93
266) 0.9
267) 0.96
268) 0.96
269) 0.93
270) 0.9
271) 0.92
272) 0.95
273) 0.92
274) 0.99
275) 0.95
276) 0.96
277) 0.92
278) 0.92
279) 0.95
280) 0.92
281) 0.97
282) 0.92
283) 0.96
284) 0.97
285) 0.96
286) 0.97
287) 0.96
288) 0.96
289) 0.95
290) 0.97
291) 0.97
292) 0.96
293) 0.95
294) 0.99
295) 0.97
296) 0.99
297) 0.99
298) 0.97
299) 0.98
300) 0.95
301) 0.99
302) 0.98
303) 0.99
304) 0.99
305) 0.98
306) 0.96
307) 1.0
308) 0.99
309) 0.98
310) 1.0
311) 0.99
312) 1.0
313) 0.99
314) 0.98
315) 0.99
316) 1.0
317) 0.99
318) 1.0
319) 0.99
320) 0.99
321) 0.98
322) 1.0
323) 1.0
324) 1.0
325) 1.0
326) 1.0
327) 0.99
328) 0.98
329) 1.0
330) 1.0
331) 0.99
332) 1.0
333) 1.0
334) 0.99
335) 1.0
336) 1.0
337) 0.99
338) 1.0
339) 0.99
340) 0.99
341) 1.0
342) 1.0
343) 1.0
344) 1.0
345) 1.0
346) 1.0
347) 0.99
348) 1.0
349) 1.0
350) 1.0
351) 1.0
352) 1.0
353) 1.0
354) 1.0
355) 1.0
356) 1.0
357) 1.0
358) 1.0
359) 1.0
360) 1.0
361) 1.0
362) 1.0
363) 1.0
364) 1.0
365) 1.0
