1) 4.0 1.2732395447351628
2) 2.0 0.6366197723675814
3) 1.3333333333333333 0.42441318157838753
4) 1.0 0.3183098861837907
5) 1.6 0.5092958178940651
6) 2.0 0.6366197723675814
7) 1.7142857142857142 0.545674090600784
8) 2.0 0.6366197723675814
9) 2.2222222222222223 0.7073553026306459
10) 2.4 0.7639437268410976
11) 2.5454545454545454 0.810243346649649
12) 2.3333333333333335 0.7427230677621783
13) 2.1538461538461537 0.6855905240881646
14) 2.0 0.6366197723675814
15) 1.8666666666666667 0.5941784542097426
16) 2.0 0.6366197723675814
17) 2.1176470588235294 0.6740679942715567
18) 2.2222222222222223 0.7073553026306459
19) 2.3157894736842106 0.7371386837940416
20) 2.2 0.7002817496043395
21) 2.2857142857142856 0.7275654541343787
22) 2.3636363636363638 0.7523688218889598
23) 2.4347826086956523 0.7750153750561861
24) 2.5 0.7957747154594768
25) 2.4 0.7639437268410976
26) 2.4615384615384617 0.7835320275293309
27) 2.3703703703703702 0.7545123228060223
28) 2.4285714285714284 0.7730382950177773
29) 2.4827586206896552 0.7902866139735493
30) 2.533333333333333 0.8063850449989364
31) 2.5806451612903225 0.8214448675710727
32) 2.625 0.8355634512324506
33) 2.5454545454545454 0.810243346649649
34) 2.588235294117647 0.8238608818874583
35) 2.6285714285714286 0.8367002722545355
36) 2.6666666666666665 0.8488263631567751
37) 2.5945945945945947 0.825885110098484
38) 2.6315789473684212 0.8376575952205019
39) 2.6666666666666665 0.8488263631567751
40) 2.7 0.8594366926962349
41) 2.6341463414634148 0.8384748221426682
42) 2.6666666666666665 0.8488263631567751
43) 2.697674418604651 0.8586964371469702
44) 2.727272727272727 0.8681178714103381
45) 2.7555555555555555 0.8771205752620009
46) 2.782608695652174 0.8857318572070697
47) 2.8085106382978724 0.893976701622561
48) 2.75 0.8753521870054244
49) 2.7755102040816326 0.8834723371631741
50) 2.8 0.8912676813146139
51) 2.823529411764706 0.898757325695409
52) 2.8461538461538463 0.905958906830789
53) 2.792452830188679 0.8888653425509626
54) 2.814814814814815 0.8959833833321516
55) 2.8363636363636364 0.9028425862667517
56) 2.857142857142857 0.9094568176679734
57) 2.8771929824561404 0.9158389707744153
58) 2.896551724137931 0.9220010496358075
59) 2.9152542372881354 0.9279542444679999
60) 2.933333333333333 0.9337089994724526
61) 2.9508196721311477 0.9392750739849561
62) 2.967741935483871 0.9446615977067336
63) 2.984126984126984 0.9498771206754388
64) 3.0 0.954929658551372
65) 3.0153846153846153 0.9598267337234303
66) 3.0303030303030303 0.9645754126781536
67) 2.985074626865672 0.9501787647277334
68) 3.0 0.954929658551372
69) 3.0144927536231885 0.9595428453076589
70) 2.9714285714285715 0.9458350903746924
71) 2.9859154929577465 0.9504464207177975
72) 3.0 0.954929658551372
73) 3.0136986301369864 0.95929006795115
74) 2.972972972972973 0.9463266886545127
75) 2.986666666666667 0.9506855267355883
76) 3.0 0.954929658551372
77) 3.012987012987013 0.9590635531771357
78) 3.0256410256410255 0.9630914505048026
79) 3.037974683544304 0.9670173757482249
80) 3.05 0.9708451528605615
81) 3.0617283950617282 0.9745784169577788
82) 3.073170731707317 0.9782206258331129
83) 3.036144578313253 0.9664348351604247
84) 3.0476190476190474 0.9700872721791716
85) 3.0588235294117645 0.9736537695033597
86) 3.0697674418604652 0.9771373250293109
87) 3.0804597701149423 0.9805407988190333
88) 3.090909090909091 0.9838669209317167
89) 3.056179775280899 0.9728122364268659
90) 3.066666666666667 0.9761503176302915
91) 3.032967032967033 0.9654233910629255
92) 3.0434782608695654 0.9687692188202326
93) 3.053763440860215 0.9720430932924361
94) 3.021276595744681 0.96170220932124
95) 3.031578947368421 0.9649815496940181
96) 3.0416666666666665 0.9681925704756966
97) 3.051546391752577 0.97133738464332
98) 3.061224489795918 0.9744180189299715
99) 3.0707070707070705 0.977436418180529
100) 3.04 0.9676620539987237
1000) 3.232 1.0287775521460116
10000) 3.1848 1.0137533255181366
100000) 3.14336 1.0005625638346802
1000000) 3.141664 1.0000227102677126
